14867488
3912413
3001819
16847580
16563362
16848034
14233270
17115469
16634886
14539706
14800430
7287803
17192118
14062970
14301156
17087384
14376974
9742256
10967778
16623024
15412365
3155115
4826373
760595
16696064
16801009
10108370
531756
1165965
15304100
14940938
14293846
14771869
8993718
16460706
15140900
10587689
2934057
14943542
11100923
3105885
14669672
2787376
14936807
12138826
16614817
3463911
15437163
17072474
15275851
2590458
14109244
481216
287289
16617660
16560746
17001905
13585076
851370
16558080
17037746
16635395
14937829
14447487
11631802
14643506
15065700
16676531
16938618
17105120
847350
16935823
14414980
9263486
16872961
14778957
